2.5 2.14709105536
2.1 4.61519230369
6.7 2.69258240357
8.0 3.1
7.6 3.1
6.9 2.89136645896
16.0 5.93211597999
29.0 5.54436651025
26.9 5.7879184514
42.3 6.86002915446
34.4 6.26418390535
42.9 6.97137002317
62.9 8.32105762509
66.5 9.58801335001
87.1 11.4057003292
114.6 11.0498868772
159.7 12.91394595
203.6 15.8265599547
272.1 17.2609385608
430.1 21.2946002545
279.6 16.9106475334
330.5 18.378520071
418.6 20.6864690075
619.4 25.0419647791
765.5 27.7937043231
1035.4 32.2936526271
1422.8 37.7925918667
1906.7 43.7520285244
2638.3 51.4269384661
3635.1 60.5490710086
4810.3 69.8363086081
6017.5 77.8872261671
6721.6 82.3153691603
6888.3 83.4816746358
6219.9 79.2619707047
5187.8 72.3166647461
4076.0 64.086582059
3022.9 55.2449997737
2345.2 48.6982545888
1668.6 41.0790700966
1307.9 36.7404409337
941.5 30.9518981647
784.9 28.5830369275
581.4 24.8135043877
521.8 23.1443297591
433.3 21.5255661946
403.1 20.4198432903
338.0 18.6657440248
588.6 25.8025192568
499.0 22.7334555226
395.4 21.5213847138
376.5 20.1779582713
348.2 19.8100984349
307.8 18.3147481555
335.2 19.0247207601
253.5 16.775875536
251.1 16.7529101949
236.6 15.9263931887
228.6 15.646405338
225.1 15.9157155039
202.4 16.256998493
256.8 16.3110392066
217.1 15.6496006339
191.8 16.4563057823
206.0 14.6304477033
218.6 15.5762639937
197.3 14.9592780574
212.2 16.3777287803
250.8 16.5894544817
233.5 15.5096744002
222.4 15.6735445895
242.3 16.3389106124
218.5 15.5980768045
238.4 15.8675770047
267.6 16.6087326428
269.3 17.3259920351
269.1 17.2270136704
300.9 17.7504929509
342.3 18.8334808254
357.1 19.2522725931
193.3 14.0985814889
207.8 14.5931490776
247.6 16.5127223679
229.0 15.3349274534
278.9 16.8389429597
336.2 18.4702463438
386.0 20.3024629048
420.5 20.7246230364
553.3 23.6535409611
671.6 26.0224902728
904.5 30.4415834017
1136.6 33.8468610066
1519.3 39.0712170274
1789.3 42.3696825572
2154.3 46.5139763942
2215.1 47.1322607139
2000.0 44.7939728089
1610.1 40.2299639572
1227.3 35.1411439768
838.7 29.0975944023
499.1 22.8840555846
328.9 18.4428848069
204.4 14.5746355014
137.9 12.0386876361
81.5 9.49947366963
53.9 7.73757067819
36.8 6.713419397
26.6 6.3324560796
44.4 8.25166649835
34.2 8.3868945385
67.0 10.0871205009
58.9 9.10768905925
53.2 10.3870111197
52.6 9.25256721132
178.1 14.9666295471
210.7 16.6847235518
566.1 29.9
567.2 29.7
669.9 31.5
706.6 32.7
666.7 32.4
712.4 33.5
753.3 34.2
760.5 34.3
736.6 34.2
721.4 34.4
713.7 33.5
694.3 32.8
675.1 32.1
731.5 32.7
715.7 32.5
670.9 32.2
711.0 33.5
787.6 35.2
905.8 37.0
949.0 37.9
1025.8 39.1
950.7 38.4
820.2 36.4
565.5 31.8
395.3 28.1
387.6 27.1
317.0 25.9
289.0 24.6
263.5 23.5
198.3 21.7
244.3 22.5
162.1 20.4
145.1 20.0
132.4 19.4
98.2 18.4
113.0 18.0
98.7 17.0
97.6 16.5
102.9 16.4
114.8 16.8
133.5 17.2
110.6 16.4
96.0 16.3
79.5 15.0
102.5 15.5
85.5 14.5
113.7 15.4
82.6 14.9
67.9 14.6
63.3 14.8
62.0 14.9
57.6 13.6
70.6 13.1
69.3 12.1
66.1 11.8
45.2 11.1
51.9 11.7
57.1 12.2
58.5 12.0
59.6 12.3
45.7 11.6
46.7 11.9
44.1 11.9
42.4 12.3
53.6 40.4
72.3 38.9
85.6 29.8
40.3 43.6
55.3 36.7
25.6 39.3
29.7 34.1
53.2 27.6
